6.700000000000000000e+01 4.460000000000000000e+02
2.900000000000000000e+02 2.170000000000000000e+02
4.360000000000000000e+02 5.240000000000000000e+02
4.520000000000000000e+02 2.060000000000000000e+02
4.330000000000000000e+02 2.730000000000000000e+02
8.070000000000000000e+02 1.110000000000000000e+02
5.700000000000000000e+02 6.690000000000000000e+02
8.570000000000000000e+02 4.620000000000000000e+02
2.500000000000000000e+01 3.970000000000000000e+02
3.340000000000000000e+02 4.580000000000000000e+02
1.450000000000000000e+02 5.660000000000000000e+02
3.990000000000000000e+02 2.170000000000000000e+02
4.470000000000000000e+02 1.560000000000000000e+02
2.570000000000000000e+02 5.480000000000000000e+02
1.990000000000000000e+02 6.560000000000000000e+02
4.520000000000000000e+02 5.820000000000000000e+02
6.340000000000000000e+02 2.400000000000000000e+01
3.580000000000000000e+02 3.600000000000000000e+02
3.330000000000000000e+02 1.950000000000000000e+02
1.017000000000000000e+03 7.130000000000000000e+02
1.161000000000000000e+03 2.930000000000000000e+02
3.360000000000000000e+02 6.800000000000000000e+02
9.610000000000000000e+02 2.220000000000000000e+02
1.082000000000000000e+03 2.780000000000000000e+02
9.260000000000000000e+02 2.820000000000000000e+02
9.990000000000000000e+02 9.900000000000000000e+01
8.610000000000000000e+02 4.980000000000000000e+02
5.870000000000000000e+02 4.670000000000000000e+02
1.740000000000000000e+02 1.000000000000000000e+00
9.860000000000000000e+02 5.510000000000000000e+02
5.620000000000000000e+02 6.920000000000000000e+02
5.610000000000000000e+02 4.000000000000000000e+02
1.092000000000000000e+03 6.520000000000000000e+02
7.900000000000000000e+02 6.760000000000000000e+02
4.500000000000000000e+02 4.150000000000000000e+02
1.265000000000000000e+03 3.930000000000000000e+02
7.150000000000000000e+02 4.240000000000000000e+02
9.360000000000000000e+02 5.500000000000000000e+02
5.260000000000000000e+02 3.380000000000000000e+02
4.050000000000000000e+02 2.900000000000000000e+02
8.590000000000000000e+02 6.740000000000000000e+02
8.710000000000000000e+02 4.580000000000000000e+02
5.930000000000000000e+02 6.000000000000000000e+01
3.590000000000000000e+02 6.400000000000000000e+01
1.170000000000000000e+03 8.200000000000000000e+01
1.153000000000000000e+03 6.480000000000000000e+02
3.180000000000000000e+02 6.870000000000000000e+02
9.160000000000000000e+02 6.060000000000000000e+02
1.700000000000000000e+02 7.500000000000000000e+01
9.600000000000000000e+01 3.830000000000000000e+02